1.998069882392883301e-01
1.993542909622192383e-01
1.989293098449707031e-01
1.985325813293457031e-01
1.981366574764251709e-01
1.977414786815643311e-01
1.973469555377960205e-01
1.969531774520874023e-01
1.965601146221160889e-01
1.961677968502044678e-01
1.957762539386749268e-01
1.953855156898498535e-01
1.949956119060516357e-01
1.946065425872802734e-01
1.942183375358581543e-01
1.938310563564300537e-01
1.934446394443511963e-01
1.930591762065887451e-01
1.926746666431427002e-01
1.922911107540130615e-01
1.919085532426834106e-01
1.915270090103149414e-01
1.911464631557464600e-01
1.907669603824615479e-01
1.903885006904602051e-01
1.900111436843872070e-01
1.896978318691253662e-01
1.893787682056427002e-01
1.890582144260406494e-01
1.887374371290206909e-01
1.884170174598693848e-01
1.880972981452941895e-01
1.877784878015518188e-01
1.874607652425765991e-01
1.871441602706909180e-01
1.868288218975067139e-01
1.865147352218627930e-01
1.862019747495651245e-01
1.858905106782913208e-01
1.855803877115249634e-01
1.852716058492660522e-01
1.849641799926757812e-01
1.846580803394317627e-01
1.843533217906951904e-01
1.840498894453048706e-01
1.837477982044219971e-01
1.834470182657241821e-01
1.831475496292114258e-01
1.828494071960449219e-01
1.825525462627410889e-01
1.822569966316223145e-01
1.819627135992050171e-01
1.816697120666503906e-01
1.813779920339584351e-01
1.810875236988067627e-01
1.807983219623565674e-01
1.805103421211242676e-01
1.802236437797546387e-01
1.799381971359252930e-01
1.796539574861526489e-01
1.793709546327590942e-01
1.790891736745834351e-01
1.788086295127868652e-01
1.785292923450469971e-01
1.782511472702026367e-01
1.779742389917373657e-01
1.776985228061676025e-01
1.774240136146545410e-01
1.771506965160369873e-01
1.768785715103149414e-01
1.766076385974884033e-01
1.763378679752349854e-01
1.760692894458770752e-01
1.758019030094146729e-01
1.755356788635253906e-01
1.752706170082092285e-01
1.750067472457885742e-01
1.747440099716186523e-01
1.744824647903442383e-01
1.742220520973205566e-01
1.739628016948699951e-01
1.737047135829925537e-01
1.734477728605270386e-01
1.731919646263122559e-01
1.729373037815093994e-01
1.726837456226348877e-01
1.724313646554946899e-01
1.721800863742828369e-01
1.719299554824829102e-01
1.716809272766113281e-01
1.714330166578292847e-01
1.711862385272979736e-01
1.709405481815338135e-01
1.706959754228591919e-01
1.704524755477905273e-01
1.702101081609725952e-01
1.699688136577606201e-01
1.697286069393157959e-01
1.694894880056381226e-01
1.692514568567276001e-01
1.690144836902618408e-01
1.687785685062408447e-01
1.685437560081481934e-01
1.683099567890167236e-01
1.680772304534912109e-01
1.678455471992492676e-01
1.676149070262908936e-01
1.673853099346160889e-01
1.671567559242248535e-01
1.669292151927947998e-01
1.667027175426483154e-01
1.664772033691406250e-01
1.662527024745941162e-01
1.660292446613311768e-01
1.658067405223846436e-01
1.655852347612380981e-01
1.653647273778915405e-01
1.651452034711837769e-01
1.649266630411148071e-01
1.647090613842010498e-01
1.644924134016036987e-01
1.642767488956451416e-01
1.641549766063690186e-01
1.640424728393554688e-01
1.639253497123718262e-01
1.638039648532867432e-01
1.636786162853240967e-01
1.635495722293853760e-01
1.634171903133392334e-01
1.632816642522811890e-01
1.631432920694351196e-01
1.630022823810577393e-01
1.628589034080505371e-01
1.627132892608642578e-01
1.625656783580780029e-01
1.624162346124649048e-01
1.622650921344757080e-01
1.621124446392059326e-01
1.619583666324615479e-01
1.618030369281768799e-01
1.616465300321578979e-01
1.614889800548553467e-01
1.613304316997528076e-01
1.611710339784622192e-01
1.610108166933059692e-01
1.608498692512512207e-01
1.606993079185485840e-01
1.605815887451171875e-01
1.604551374912261963e-01
1.603208035230636597e-01
1.601933985948562622e-01
1.600457578897476196e-01
1.598837226629257202e-01
1.597287058830261230e-01
1.595941483974456787e-01
1.594689935445785522e-01
1.593396961688995361e-01
1.592067182064056396e-01
1.590702533721923828e-01
1.589306294918060303e-01
1.587881147861480713e-01
1.586429774761199951e-01
1.584954410791397095e-01
1.583669483661651611e-01
1.582404673099517822e-01
1.581167727708816528e-01
1.579735279083251953e-01
1.578263938426971436e-01
1.576865315437316895e-01
1.575610488653182983e-01
1.574312001466751099e-01
1.572973728179931641e-01
1.571598947048187256e-01
1.570194065570831299e-01
1.568887233734130859e-01
1.567530035972595215e-01
1.566188037395477295e-01
1.564885228872299194e-01
1.563544869422912598e-01
1.562201678752899170e-01
1.560872942209243774e-01
1.559590101242065430e-01
1.558303534984588623e-01
1.556997299194335938e-01
1.555763781070709229e-01
1.554459035396575928e-01
1.553098857402801514e-01
1.551798582077026367e-01
1.550500392913818359e-01
1.549160480499267578e-01
1.547912955284118652e-01
1.546705514192581177e-01
1.545377820730209351e-01
1.543993800878524780e-01
1.542837321758270264e-01
1.541614979505538940e-01
1.540319323539733887e-01
1.538957655429840088e-01
1.537691801786422729e-01
1.536460816860198975e-01
1.535175144672393799e-01
1.533915996551513672e-01
1.532545685768127441e-01
1.531355082988739014e-01
1.530178487300872803e-01
1.528925299644470215e-01
1.527602970600128174e-01
1.526280343532562256e-01
1.525061428546905518e-01
1.523783057928085327e-01
1.522450745105743408e-01
1.521352380514144897e-01
1.520130783319473267e-01
1.518760323524475098e-01
1.517472863197326660e-01
1.516264379024505615e-01
1.514993458986282349e-01
1.513822376728057861e-01
1.512578278779983521e-01
1.511370241641998291e-01
1.510103493928909302e-01
1.508886814117431641e-01
1.507666707038879395e-01
1.506411880254745483e-01
1.505197137594223022e-01
1.503961235284805298e-01
1.502704620361328125e-01
1.501483619213104248e-01
1.500381827354431152e-01
1.499125361442565918e-01
1.497787535190582275e-01
1.496697664260864258e-01
1.495539993047714233e-01
1.494331806898117065e-01
1.493142545223236084e-01
1.491971313953399658e-01
1.490745842456817627e-01
1.489498615264892578e-01
1.488253623247146606e-01
1.487007290124893188e-01
1.485801935195922852e-01
1.484655588865280151e-01
1.483380198478698730e-01
1.482236683368682861e-01
1.481090635061264038e-01
1.479942500591278076e-01
1.478755325078964233e-01
1.477549076080322266e-01
1.476330608129501343e-01
1.475100815296173096e-01
1.473880410194396973e-01
1.472743004560470581e-01
1.471537798643112183e-01
1.470339298248291016e-01
1.469147205352783203e-01
1.467992216348648071e-01
1.466904729604721069e-01
1.465732157230377197e-01
1.464504450559616089e-01
1.463318914175033569e-01
1.462231427431106567e-01
1.461074948310852051e-01
1.459850668907165527e-01
1.458621621131896973e-01
1.457485556602478027e-01
1.456328332424163818e-01
1.455232203006744385e-01
1.454076170921325684e-01
1.452827453613281250e-01
1.451825052499771118e-01
1.450708806514739990e-01
1.449433714151382446e-01
1.448231637477874756e-01
1.447149217128753662e-01
1.446058154106140137e-01
1.444872915744781494e-01
1.443628072738647461e-01
1.442585587501525879e-01
1.441461741924285889e-01
1.440330147743225098e-01
1.439178138971328735e-01
1.437955051660537720e-01
1.436914205551147461e-01
1.435810774564743042e-01
1.434773802757263184e-01
1.433568149805068970e-01
1.432219594717025757e-01
1.431205719709396362e-01
1.430134177207946777e-01
1.428972184658050537e-01
1.427930295467376709e-01
1.426796019077301025e-01
1.425552666187286377e-01
1.424354761838912964e-01
1.423314511775970459e-01
1.422111243009567261e-01
1.421001553535461426e-01
1.419925987720489502e-01
1.418774724006652832e-01
1.417629569768905640e-01
1.416456997394561768e-01
1.415433585643768311e-01
1.414427310228347778e-01
1.413268446922302246e-01
1.412046551704406738e-01
1.410928964614868164e-01
1.409833133220672607e-01
1.408701837062835693e-01
1.407547444105148315e-01
1.406415104866027832e-01
1.405334919691085815e-01
1.404277533292770386e-01
1.403112113475799561e-01
1.401994824409484863e-01
1.400889456272125244e-01
1.399825811386108398e-01
1.398770809173583984e-01
1.397629082202911377e-01
1.396491825580596924e-01
1.395407617092132568e-01
1.394318342208862305e-01
1.393201053142547607e-01
1.392196714878082275e-01
1.391071528196334839e-01
1.389969438314437866e-01
1.388866007328033447e-01
1.387711167335510254e-01
1.386695802211761475e-01
1.385569274425506592e-01
1.384667307138442993e-01
1.383772790431976318e-01
1.382948458194732666e-01
1.382023394107818604e-01
1.381122618913650513e-01
1.380157172679901123e-01
1.379282027482986450e-01
1.378339231014251709e-01
1.377301514148712158e-01
1.376359611749649048e-01
1.375505328178405762e-01
1.374583244323730469e-01
1.373566985130310059e-01
1.372465044260025024e-01
1.371531486511230469e-01
1.370521485805511475e-01
1.369634866714477539e-01
1.368713378906250000e-01
1.367959976196289062e-01
1.367107182741165161e-01
1.366131752729415894e-01
1.365045309066772461e-01
1.364039629697799683e-01
1.363019496202468872e-01
1.362281739711761475e-01
1.361459046602249146e-01
1.360595524311065674e-01
1.359622180461883545e-01
1.358504295349121094e-01
1.357585638761520386e-01
1.356735527515411377e-01
1.355834603309631348e-01
1.354828178882598877e-01
1.353914886713027954e-01
1.352943927049636841e-01
1.352125406265258789e-01
1.351269334554672241e-01
1.350394487380981445e-01
1.349579989910125732e-01
1.348716318607330322e-01
1.347779929637908936e-01
1.346958875656127930e-01
1.346202939748764038e-01
1.345277726650238037e-01
1.344429999589920044e-01
1.343620568513870239e-01
1.342910528182983398e-01
1.341982483863830566e-01
1.341151893138885498e-01
1.340354681015014648e-01
1.339481174945831299e-01
1.338480412960052490e-01
1.337676942348480225e-01
1.336780786514282227e-01
1.336173415184020996e-01
1.335403025150299072e-01
1.334428042173385620e-01
1.333719193935394287e-01
1.333045065402984619e-01
1.332200914621353149e-01
1.331073641777038574e-01
1.330434828996658325e-01
1.329749524593353271e-01
1.328900754451751709e-01
1.327966302633285522e-01
1.327096819877624512e-01
1.326409429311752319e-01
1.325652748346328735e-01
1.324720382690429688e-01
1.323801875114440918e-01
1.323106884956359863e-01
1.322320401668548584e-01
1.321495771408081055e-01
1.320772767066955566e-01
1.319861412048339844e-01
1.319148689508438110e-01
1.318345516920089722e-01
1.317485570907592773e-01
1.316719055175781250e-01
1.315963864326477051e-01
1.315143406391143799e-01
1.314308941364288330e-01
1.313542723655700684e-01
1.312851458787918091e-01
1.312069594860076904e-01
1.311248838901519775e-01
1.310448497533798218e-01
1.309749633073806763e-01
1.309163123369216919e-01
1.308347135782241821e-01
1.307476460933685303e-01
1.306915730237960815e-01
1.306208819150924683e-01
1.305367797613143921e-01
1.304483413696289062e-01
1.303708404302597046e-01
1.303077638149261475e-01
1.302343755960464478e-01
1.301486641168594360e-01
1.300587654113769531e-01
1.300007849931716919e-01
1.299362778663635254e-01
1.298557072877883911e-01
1.297698020935058594e-01
1.296911388635635376e-01
1.296379864215850830e-01
1.295720338821411133e-01
1.294893473386764526e-01
1.293880492448806763e-01
1.293319761753082275e-01
1.292739510536193848e-01
1.291946172714233398e-01
1.291039586067199707e-01
1.290298402309417725e-01
1.289655715227127075e-01
1.288992166519165039e-01
1.288099288940429688e-01
1.287364661693572998e-01
1.286763846874237061e-01
1.285970807075500488e-01
1.285198926925659180e-01
1.284511387348175049e-01
1.283866465091705322e-01
1.283004432916641235e-01
1.282367706298828125e-01
1.281641423702239990e-01
1.280856430530548096e-01
1.280217617750167847e-01
1.279534995555877686e-01
1.278807520866394043e-01
1.277993023395538330e-01
1.277260184288024902e-01
1.276684999465942383e-01
1.275940835475921631e-01
1.275264322757720947e-01
1.274493038654327393e-01
1.273704618215560913e-01
1.273001730442047119e-01
1.272473186254501343e-01
1.271741539239883423e-01
1.271025538444519043e-01
1.270282119512557983e-01
1.269746720790863037e-01
1.269056051969528198e-01
1.268300414085388184e-01
1.267602890729904175e-01
1.266922801733016968e-01
1.266107261180877686e-01
1.265466213226318359e-01
1.264799982309341431e-01
1.264064610004425049e-01
1.263349056243896484e-01
1.262730062007904053e-01
1.261988282203674316e-01
1.261150836944580078e-01
1.260479986667633057e-01
1.259793192148208618e-01
1.259200572967529297e-01
1.258638203144073486e-01
1.257875710725784302e-01
1.257177293300628662e-01
1.256516575813293457e-01
1.255726367235183716e-01
1.255020499229431152e-01
1.254416108131408691e-01
1.253653317689895630e-01
1.253068745136260986e-01
1.252441406250000000e-01
1.251640617847442627e-01
1.251042485237121582e-01
1.250416934490203857e-01
1.249818205833435059e-01
1.249059215188026428e-01
1.248437613248825073e-01
1.247816830873489380e-01
1.247131004929542542e-01
1.246287673711776733e-01
1.245844364166259766e-01
1.245367899537086487e-01
1.244655400514602661e-01
1.243875846266746521e-01
1.243042796850204468e-01
1.242438033223152161e-01
1.241753697395324707e-01
1.241059154272079468e-01
1.240381151437759399e-01
1.239673122763633728e-01
1.238978654146194458e-01
1.238372996449470520e-01
1.237855404615402222e-01
1.237082183361053467e-01
1.236506924033164978e-01
1.235945969820022583e-01
1.235075965523719788e-01
1.234414279460906982e-01
1.233799606561660767e-01
1.233138889074325562e-01
1.232434809207916260e-01
1.231920942664146423e-01
1.231349855661392212e-01
1.230563372373580933e-01
1.229934915900230408e-01
1.229411959648132324e-01
1.228673160076141357e-01
1.227994859218597412e-01
1.227330267429351807e-01
1.226679161190986633e-01
1.225924268364906311e-01
1.225332394242286682e-01
1.224644780158996582e-01
1.224045380949974060e-01
1.223323792219161987e-01
1.222807168960571289e-01
1.222216635942459106e-01
1.221487820148468018e-01
1.220762506127357483e-01
1.220222115516662598e-01
1.219559535384178162e-01
1.218831986188888550e-01
1.218336075544357300e-01
1.217819601297378540e-01
1.217088475823402405e-01
1.216378584504127502e-01
1.216018572449684143e-01
1.215504184365272522e-01
1.214651465415954590e-01
1.213764995336532593e-01
1.213392168283462524e-01
1.212876886129379272e-01
1.212269738316535950e-01
1.211592555046081543e-01
1.210725829005241394e-01
1.209922432899475098e-01
1.209481582045555115e-01
1.208725646138191223e-01
1.208162829279899597e-01
1.207608208060264587e-01
1.206922158598899841e-01
1.206195577979087830e-01
1.205731779336929321e-01
1.205243468284606934e-01
1.204484254121780396e-01
1.203687712550163269e-01
1.203260123729705811e-01
1.202748417854309082e-01
1.202076226472854614e-01
1.201473549008369446e-01
1.200646460056304932e-01
1.200058385729789734e-01
1.199584752321243286e-01
1.198942065238952637e-01
1.198061257600784302e-01
1.197496652603149414e-01
1.196929663419723511e-01
1.196283847093582153e-01
1.195741742849349976e-01
1.195134595036506653e-01
1.194464862346649170e-01
1.193682998418807983e-01
1.193170696496963501e-01
1.192635744810104370e-01
1.191894412040710449e-01
1.191434487700462341e-01
1.190742999315261841e-01
1.190035641193389893e-01
1.189485043287277222e-01
1.188898682594299316e-01
1.188244149088859558e-01
1.187443435192108154e-01
1.187021434307098389e-01
1.186501383781433105e-01
1.185851469635963440e-01
1.185058429837226868e-01
1.184532195329666138e-01
1.184069439768791199e-01
1.183480396866798401e-01
1.182705834507942200e-01
1.181886643171310425e-01
1.181512027978897095e-01
1.180993318557739258e-01
1.180240213871002197e-01
1.179418116807937622e-01
1.178863048553466797e-01
1.178343147039413452e-01
1.177661046385765076e-01
1.177033558487892151e-01
1.176584362983703613e-01
1.175842285156250000e-01
1.175161600112915039e-01
1.174660921096801758e-01
1.173992380499839783e-01
1.173466965556144714e-01
1.172863468527793884e-01
1.172190830111503601e-01
1.171598285436630249e-01
1.170912161469459534e-01
1.170218437910079956e-01
1.169757619500160217e-01
1.169231459498405457e-01
1.168530136346817017e-01
1.167774498462677002e-01
1.167227402329444885e-01
1.166549101471900940e-01
1.166009753942489624e-01
1.165460944175720215e-01
1.164773553609848022e-01
1.164147630333900452e-01
1.163702756166458130e-01
1.163127273321151733e-01
1.162423193454742432e-01
1.161670237779617310e-01
1.161179542541503906e-01
1.160634458065032959e-01
1.159811764955520630e-01
1.159194409847259521e-01
1.158674508333206177e-01
1.158015951514244080e-01
1.157475560903549194e-01
1.156827136874198914e-01
1.156143695116043091e-01
1.155564337968826294e-01
1.154900416731834412e-01
1.154343187808990479e-01
1.153790950775146484e-01
1.153131574392318726e-01
1.152605339884757996e-01
1.151976883411407471e-01
1.151295974850654602e-01
1.150839030742645264e-01
1.150236204266548157e-01
1.149561330676078796e-01
1.148875504732131958e-01
1.148226559162139893e-01
1.147760450839996338e-01
1.147222667932510376e-01
1.146577149629592896e-01
1.145889908075332642e-01
1.145285815000534058e-01
1.144687086343765259e-01
1.144067645072937012e-01
1.143461763858795166e-01
1.142892688512802124e-01
1.142312437295913696e-01
1.141742765903472900e-01
1.141151487827301025e-01
1.140500307083129883e-01
1.139840036630630493e-01
1.139205694198608398e-01
1.138618662953376770e-01
1.138134002685546875e-01
1.137409880757331848e-01
1.136868447065353394e-01
1.136282160878181458e-01
1.135505288839340210e-01
1.134871616959571838e-01
1.134410500526428223e-01
1.133859977126121521e-01
1.133220419287681580e-01
1.132623851299285889e-01
1.131885647773742676e-01
1.131378635764122009e-01
1.130836457014083862e-01
1.130149215459823608e-01
1.129515022039413452e-01
1.128889918327331543e-01
1.128289103507995605e-01
1.127735376358032227e-01
1.127161905169487000e-01
1.126461327075958252e-01
1.125984191894531250e-01
1.125371679663658142e-01
1.124683022499084473e-01
1.124271452426910400e-01
1.123680770397186279e-01
1.122887954115867615e-01
1.122420504689216614e-01
1.121873334050178528e-01
1.121137440204620361e-01
1.120666787028312683e-01
1.120173484086990356e-01
1.119469478726387024e-01
1.118759810924530029e-01
1.118188500404357910e-01
1.117555946111679077e-01
1.117042005062103271e-01
1.116315573453903198e-01
1.115732192993164062e-01
1.114991456270217896e-01
1.114571392536163330e-01
1.113941371440887451e-01
1.113233938813209534e-01
1.112798899412155151e-01
1.112208142876625061e-01
1.111575290560722351e-01
1.110978126525878906e-01
1.110235303640365601e-01
1.109729260206222534e-01
1.109168827533721924e-01
1.108383834362030029e-01
1.107786893844604492e-01
1.107195913791656494e-01
1.106550395488739014e-01
1.105923801660537720e-01
1.105327159166336060e-01
1.104722917079925537e-01
1.104290187358856201e-01
1.103650778532028198e-01
1.102933213114738464e-01
1.102433353662490845e-01
1.101923882961273193e-01
1.101273894309997559e-01
1.100692898035049438e-01
1.100040748715400696e-01
1.099406331777572632e-01
1.098809540271759033e-01
1.098255962133407593e-01
1.097543388605117798e-01
1.096916347742080688e-01
1.096483469009399414e-01
1.095900535583496094e-01
1.095279604196548462e-01
1.094546988606452942e-01
1.093975454568862915e-01
1.093318387866020203e-01
1.092689484357833862e-01
1.092080920934677124e-01
1.091552749276161194e-01
1.090980917215347290e-01
1.090463399887084961e-01
1.089734584093093872e-01
1.089201122522354126e-01
1.088600605726242065e-01
1.088000163435935974e-01
1.087348461151123047e-01
1.086754277348518372e-01
1.086113750934600830e-01
1.085561662912368774e-01
1.084955781698226929e-01
1.084298789501190186e-01
1.083693504333496094e-01
1.082985848188400269e-01
1.082586348056793213e-01
1.082054525613784790e-01
1.081421226263046265e-01
1.080769598484039307e-01
1.080224514007568359e-01
1.079718917608261108e-01
1.079094856977462769e-01
1.078538447618484497e-01
1.077992618083953857e-01
1.077251061797142029e-01
1.076641827821731567e-01
1.076108217239379883e-01
1.075641810894012451e-01
1.074938848614692688e-01
1.074104905128479004e-01
1.073629781603813171e-01
1.073135137557983398e-01
1.072604507207870483e-01
1.071906164288520813e-01
1.071177199482917786e-01
1.070432364940643311e-01
1.070016846060752869e-01
1.069540604948997498e-01
1.068737655878067017e-01
1.068098694086074829e-01
1.067645251750946045e-01
1.067006438970565796e-01
1.066501513123512268e-01
1.065820157527923584e-01
1.065086647868156433e-01
1.064430922269821167e-01
1.063828915357589722e-01
1.063283383846282959e-01
1.062569543719291687e-01
1.061910241842269897e-01
1.061316058039665222e-01
1.060725599527359009e-01
1.060162335634231567e-01
1.059619337320327759e-01
1.059004813432693481e-01
1.058384627103805542e-01
1.057823896408081055e-01
1.057131290435791016e-01
1.056435704231262207e-01
1.056078225374221802e-01
1.055508106946945190e-01
1.054680198431015015e-01
1.054119318723678589e-01
1.053638905286788940e-01
1.053046137094497681e-01
1.052324697375297546e-01
1.051597371697425842e-01
1.051279529929161072e-01
1.050684079527854919e-01
1.049949228763580322e-01
1.049343049526214600e-01
1.048783957958221436e-01
1.048219054937362671e-01
1.047542840242385864e-01
1.046866476535797119e-01
1.046217828989028931e-01
1.045558974146842957e-01
1.044886112213134766e-01
1.044531464576721191e-01
1.043857187032699585e-01
1.043182611465454102e-01
1.042667850852012634e-01
1.042066514492034912e-01
1.041387319564819336e-01
1.040874198079109192e-01
1.040245890617370605e-01
1.039481014013290405e-01
1.038921773433685303e-01
1.038249135017395020e-01
1.037863269448280334e-01
1.037191525101661682e-01
1.036562547087669373e-01
1.036061793565750122e-01
1.035464927554130554e-01
1.034852564334869385e-01
1.034264490008354187e-01
1.033501476049423218e-01
1.033077090978622437e-01
1.032476723194122314e-01
1.031839475035667419e-01
1.031162217259407043e-01
1.030506044626235962e-01
1.030085384845733643e-01
1.029459238052368164e-01
1.028769090771675110e-01
1.028207093477249146e-01
1.027615293860435486e-01
1.026931852102279663e-01
1.026179939508438110e-01
1.025765985250473022e-01
1.025202646851539612e-01
1.024367213249206543e-01
1.023871004581451416e-01
1.023197919130325317e-01
1.022598445415496826e-01
1.021987199783325195e-01
1.021416336297988892e-01
1.020853444933891296e-01
1.020105406641960144e-01
1.019822955131530762e-01
1.019262894988059998e-01
1.018303632736206055e-01
1.017886996269226074e-01
1.017367541790008545e-01
1.016823202371597290e-01
1.016145795583724976e-01
1.015472412109375000e-01
1.014861911535263062e-01
1.014338284730911255e-01
1.013802736997604370e-01
1.012936681509017944e-01
1.012362241744995117e-01
1.011745855212211609e-01
1.011062860488891602e-01
1.010576635599136353e-01
1.009933650493621826e-01
1.009367257356643677e-01
1.008832007646560669e-01
1.008110567927360535e-01
1.007512509822845459e-01
1.007085666060447693e-01
1.006423011422157288e-01
1.005716025829315186e-01
1.005267053842544556e-01
1.004745811223983765e-01
1.004046350717544556e-01
1.003427356481552124e-01
1.002626866102218628e-01
1.002214848995208740e-01
1.001787409186363220e-01
1.001070886850357056e-01
1.000151634216308594e-01
9.998775273561477661e-02
9.994338452816009521e-02
9.986358880996704102e-02
9.981031715869903564e-02
9.975966811180114746e-02
9.969572722911834717e-02
9.965103864669799805e-02
9.957583993673324585e-02
9.948395192623138428e-02
9.944702684879302979e-02
9.941051155328750610e-02
9.933766722679138184e-02
9.927929937839508057e-02
9.921233355998992920e-02
9.915050119161605835e-02
9.910392761230468750e-02
9.903371334075927734e-02
9.895794093608856201e-02
9.888474643230438232e-02
9.882441163063049316e-02
9.877216815948486328e-02
9.869281202554702759e-02
9.863124787807464600e-02
9.858172386884689331e-02
9.853620827198028564e-02
9.846299886703491211e-02
9.838816523551940918e-02
9.831781685352325439e-02
9.827128052711486816e-02
9.821075201034545898e-02
9.814663231372833252e-02
9.809119999408721924e-02
9.803354740142822266e-02
9.795527160167694092e-02
9.792205691337585449e-02
9.786881506443023682e-02
9.779340028762817383e-02
9.772410988807678223e-02
9.767262637615203857e-02
9.761188924312591553e-02
9.753938019275665283e-02
9.748067706823348999e-02
9.742697328329086304e-02
9.737937897443771362e-02
9.730529785156250000e-02
9.724359214305877686e-02
9.719057381153106689e-02
9.712785482406616211e-02
9.704794734716415405e-02
9.700769186019897461e-02
9.695497155189514160e-02
9.688198566436767578e-02
9.680557250976562500e-02
9.675790369510650635e-02
9.671185910701751709e-02
9.664665162563323975e-02
9.659948945045471191e-02
9.654330462217330933e-02
9.647177159786224365e-02
9.640615433454513550e-02
9.633417427539825439e-02
9.627816081047058105e-02
9.622016549110412598e-02
9.614968299865722656e-02
9.609520435333251953e-02
9.604047238826751709e-02
9.597320109605789185e-02
9.589971601963043213e-02
9.586718678474426270e-02
9.580853581428527832e-02
9.573352336883544922e-02
9.566083550453186035e-02
9.561622142791748047e-02
9.555772691965103149e-02
9.548826515674591064e-02
9.543113410472869873e-02
9.535963833332061768e-02
9.531585872173309326e-02
9.526613354682922363e-02
9.519333392381668091e-02
9.513781964778900146e-02
9.506648778915405273e-02
9.499674290418624878e-02
9.494430571794509888e-02
9.487739205360412598e-02
9.480986744165420532e-02
9.475654363632202148e-02
9.469270706176757812e-02
9.461694210767745972e-02
9.459196776151657104e-02
9.453154355287551880e-02
9.445005655288696289e-02
9.440778940916061401e-02
9.435871243476867676e-02
9.430239349603652954e-02
9.424547851085662842e-02
9.416242688894271851e-02
9.409604966640472412e-02
9.406380355358123779e-02
9.402143955230712891e-02
9.394733607769012451e-02
9.385620057582855225e-02
9.380287677049636841e-02
9.375745058059692383e-02
9.369079768657684326e-02
9.363388270139694214e-02
9.356269240379333496e-02
9.348147362470626831e-02
9.342746436595916748e-02
9.335672855377197266e-02
9.330610930919647217e-02
9.325855970382690430e-02
9.319709241390228271e-02
9.312463551759719849e-02
9.305399656295776367e-02
9.300325810909271240e-02
9.294427931308746338e-02
9.287657588720321655e-02
9.283059835433959961e-02
9.277802705764770508e-02
9.272141754627227783e-02
9.264411032199859619e-02
9.256986528635025024e-02
9.252279996871948242e-02
9.245774149894714355e-02
9.239251911640167236e-02
9.233303368091583252e-02
9.228423237800598145e-02
9.221200644969940186e-02
9.218221902847290039e-02
9.211727976799011230e-02
9.206764400005340576e-02
9.201145172119140625e-02
9.193786978721618652e-02
9.188172221183776855e-02
9.181333333253860474e-02
9.176068007946014404e-02
9.172183275222778320e-02
9.167229384183883667e-02
9.159992635250091553e-02
9.151425957679748535e-02
9.146181493997573853e-02
9.139637649059295654e-02
9.132592380046844482e-02
9.126126021146774292e-02
9.121151268482208252e-02
9.115897119045257568e-02
9.109821915626525879e-02
9.104555845260620117e-02
9.098580479621887207e-02
9.091399610042572021e-02
9.085161983966827393e-02
9.076832234859466553e-02
9.073545038700103760e-02
9.069183468818664551e-02
9.061442315578460693e-02
9.054834395647048950e-02
9.047698974609375000e-02
9.043412655591964722e-02
9.036870300769805908e-02
9.030087292194366455e-02
9.025217592716217041e-02
9.019404649734497070e-02
9.013676643371582031e-02
9.006651490926742554e-02
9.000537544488906860e-02
8.994750678539276123e-02
8.991228044033050537e-02
8.985885977745056152e-02
8.978313207626342773e-02
8.971188962459564209e-02
8.965734392404556274e-02
8.959711343050003052e-02
8.955559134483337402e-02
8.948905766010284424e-02
8.939492702484130859e-02
8.934646844863891602e-02
8.929508924484252930e-02
8.922427147626876831e-02
8.917859196662902832e-02
8.914956450462341309e-02
8.909550309181213379e-02
8.901671320199966431e-02
8.893188089132308960e-02
8.888868987560272217e-02
8.884008228778839111e-02
8.877838402986526489e-02
8.869993686676025391e-02
8.863505721092224121e-02
8.857738971710205078e-02
8.851854503154754639e-02
8.844923228025436401e-02
8.838375657796859741e-02
8.835444599390029907e-02
8.830065280199050903e-02
8.822572231292724609e-02
8.814524859189987183e-02
8.810015767812728882e-02
8.804480731487274170e-02
8.798591047525405884e-02
8.791734278202056885e-02
8.783624321222305298e-02
8.780805766582489014e-02
8.773799240589141846e-02
8.767083287239074707e-02
8.762189745903015137e-02
8.755521476268768311e-02
8.748020231723785400e-02
8.745175600051879883e-02
8.737882971763610840e-02
8.731053769588470459e-02
8.726666867733001709e-02
8.720456808805465698e-02
8.714914321899414062e-02
8.708683401346206665e-02
8.700996637344360352e-02
8.696547150611877441e-02
8.690381050109863281e-02
8.683405816555023193e-02
8.679098635911941528e-02
8.673438429832458496e-02
8.667042851448059082e-02
8.661223948001861572e-02
8.656813204288482666e-02
8.648303151130676270e-02
8.642925322055816650e-02
8.638727664947509766e-02
8.633309602737426758e-02
8.626764267683029175e-02
8.622641861438751221e-02
8.617059886455535889e-02
8.609758317470550537e-02
8.600912988185882568e-02
8.596877753734588623e-02
8.591714501380920410e-02
8.586943149566650391e-02
8.580892533063888550e-02
8.573193103075027466e-02
8.565571159124374390e-02
8.562894165515899658e-02
8.557973057031631470e-02
8.549705147743225098e-02
8.541045337915420532e-02
8.536523580551147461e-02
8.531070500612258911e-02
8.524402976036071777e-02
8.518255501985549927e-02
8.512571454048156738e-02
8.505439758300781250e-02
8.499310910701751709e-02
8.494846522808074951e-02
8.488398790359497070e-02
8.482526242733001709e-02
8.476908504962921143e-02
8.470533788204193115e-02
8.464613556861877441e-02
8.459217846393585205e-02
8.454280346632003784e-02
8.448413014411926270e-02
8.442700654268264771e-02
8.435916155576705933e-02
8.429388701915740967e-02
8.425392210483551025e-02
8.419287204742431641e-02
8.411459624767303467e-02
8.407548069953918457e-02
8.401842415332794189e-02
8.396035432815551758e-02
8.390301465988159180e-02
8.383964002132415771e-02
8.377489447593688965e-02
8.370955288410186768e-02
8.365274220705032349e-02
8.359003812074661255e-02
8.353352546691894531e-02
8.347712457180023193e-02
8.341583609580993652e-02
8.336222171783447266e-02
8.329826593399047852e-02
8.325905352830886841e-02
8.320337533950805664e-02
8.313795924186706543e-02
8.309005945920944214e-02
8.302148431539535522e-02
8.298489451408386230e-02
8.294323086738586426e-02
8.286502212285995483e-02
8.279333263635635376e-02
8.274015039205551147e-02
8.268582820892333984e-02
8.262458443641662598e-02
8.254946023225784302e-02
8.249634504318237305e-02
8.244799077510833740e-02
8.238303661346435547e-02
8.230282366275787354e-02
8.226110041141510010e-02
8.218795061111450195e-02
8.213746547698974609e-02
8.208173513412475586e-02
8.203059434890747070e-02
8.195408433675765991e-02
8.189678937196731567e-02
8.185099065303802490e-02
8.178516477346420288e-02
8.174243569374084473e-02
8.169244974851608276e-02
8.162540197372436523e-02
8.155285567045211792e-02
8.151616156101226807e-02
8.148898184299468994e-02
8.140844106674194336e-02
8.132250607013702393e-02
8.128458261489868164e-02
8.123240619897842407e-02
8.116342127323150635e-02
8.108768612146377563e-02
8.105234056711196899e-02
8.100362122058868408e-02
8.093589544296264648e-02
8.085943013429641724e-02
8.080942928791046143e-02
8.074674755334854126e-02
8.069282770156860352e-02
8.061914145946502686e-02
8.057980984449386597e-02
8.052237331867218018e-02
8.047369867563247681e-02
8.041059970855712891e-02
8.034484088420867920e-02
8.030713349580764771e-02
8.025474101305007935e-02
8.016549050807952881e-02
8.011771738529205322e-02
8.007226139307022095e-02
8.000947535037994385e-02
7.993714511394500732e-02
7.991144806146621704e-02
7.985529303550720215e-02
7.977602630853652954e-02
7.971541583538055420e-02
7.966233044862747192e-02
7.959272712469100952e-02
7.954157888889312744e-02
7.947839796543121338e-02
7.941831648349761963e-02
7.937676459550857544e-02
7.932313531637191772e-02
7.927170395851135254e-02
7.918980717658996582e-02
7.914811372756958008e-02
7.911405712366104126e-02
7.905355095863342285e-02
7.898247987031936646e-02
7.891841232776641846e-02
7.887698709964752197e-02
7.882452756166458130e-02
7.876356691122055054e-02
7.868693768978118896e-02
7.862775027751922607e-02
7.858625799417495728e-02
7.852721214294433594e-02
7.845832407474517822e-02
7.840119302272796631e-02
7.834454625844955444e-02
7.828207314014434814e-02
7.822705060243606567e-02
7.816878706216812134e-02
7.811132818460464478e-02
7.805589586496353149e-02
7.799858599901199341e-02
7.794497907161712646e-02
7.788495719432830811e-02
7.782718539237976074e-02
7.777309417724609375e-02
7.771437615156173706e-02
7.765927165746688843e-02
7.758828997611999512e-02
7.753876596689224243e-02
7.750771939754486084e-02
7.744876295328140259e-02
7.736853510141372681e-02
7.731612771749496460e-02
7.726735621690750122e-02
7.721583545207977295e-02
7.715733349323272705e-02
7.709727436304092407e-02
7.704803347587585449e-02
7.697971910238265991e-02
7.692030817270278931e-02
7.684957236051559448e-02
7.681068778038024902e-02
7.675912976264953613e-02
7.668793946504592896e-02
7.664661109447479248e-02
7.659256458282470703e-02
7.653462886810302734e-02
7.646552473306655884e-02
7.640501856803894043e-02
7.637371122837066650e-02
7.631991058588027954e-02
7.623871415853500366e-02
7.618410885334014893e-02
7.613684237003326416e-02
7.607907801866531372e-02
7.601770758628845215e-02
7.595943659543991089e-02
7.589677721261978149e-02
7.586225867271423340e-02
7.580115646123886108e-02
7.575859129428863525e-02
7.570437341928482056e-02
7.564453780651092529e-02
7.559645175933837891e-02
7.553066313266754150e-02
7.546833157539367676e-02
7.540678977966308594e-02
7.536216825246810913e-02
7.530710101127624512e-02
7.524278759956359863e-02
7.518000155687332153e-02
7.513805478811264038e-02
7.509399950504302979e-02
7.502534985542297363e-02
7.497972249984741211e-02
7.493229210376739502e-02
7.487410306930541992e-02
7.482078671455383301e-02
7.474811375141143799e-02
7.467781007289886475e-02
7.464244961738586426e-02
7.458639889955520630e-02
7.452257722616195679e-02
7.445941865444183350e-02
7.439331710338592529e-02
7.434579730033874512e-02
7.428389787673950195e-02
7.423737645149230957e-02
7.419528067111968994e-02
7.413253188133239746e-02
7.407051324844360352e-02
7.401503622531890869e-02
7.395257055759429932e-02
7.389718294143676758e-02
7.384866476058959961e-02
7.378393411636352539e-02
7.374459505081176758e-02
7.369232922792434692e-02
7.364030182361602783e-02
7.358088344335556030e-02
7.352424412965774536e-02
7.346462458372116089e-02
7.340134680271148682e-02
7.335064560174942017e-02
7.329655438661575317e-02
7.324803620576858521e-02
7.319165766239166260e-02
7.315002381801605225e-02
7.309533655643463135e-02
7.304830104112625122e-02
7.299482077360153198e-02
7.292567193508148193e-02
7.285429537296295166e-02
7.280445098876953125e-02
7.275965809822082520e-02
7.269331812858581543e-02
7.264560461044311523e-02
7.258921861648559570e-02
7.252739369869232178e-02
7.246559858322143555e-02
7.242834568023681641e-02
7.237096130847930908e-02
7.230360805988311768e-02
7.225625962018966675e-02
7.220520824193954468e-02
7.215364277362823486e-02
7.208755612373352051e-02
7.204615324735641479e-02
7.199352234601974487e-02
7.191611826419830322e-02
7.187916338443756104e-02
7.181338220834732056e-02
7.176028937101364136e-02
7.172906398773193359e-02
7.165961712598800659e-02
7.160010188817977905e-02
7.155577838420867920e-02
7.150337845087051392e-02
7.144278287887573242e-02
7.139209657907485962e-02
7.133287936449050903e-02
7.129058241844177246e-02
7.122792303562164307e-02
7.117445021867752075e-02
7.112748175859451294e-02
7.106734067201614380e-02
7.102701067924499512e-02
7.097276300191879272e-02
7.091836631298065186e-02
7.085378468036651611e-02
7.078261673450469971e-02
7.076621055603027344e-02
7.072192430496215820e-02
7.065019011497497559e-02
7.056847959756851196e-02
7.055751234292984009e-02
7.051258534193038940e-02
7.046328485012054443e-02
7.041761279106140137e-02
7.035582512617111206e-02
7.027961313724517822e-02
7.019327580928802490e-02
7.017478346824645996e-02
7.014098763465881348e-02
7.008686661720275879e-02
7.001789659261703491e-02
6.993929296731948853e-02
6.988736987113952637e-02
6.984780728816986084e-02
6.980215013027191162e-02
6.974811851978302002e-02
6.968609988689422607e-02
6.961803138256072998e-02
6.955944001674652100e-02
6.952157616615295410e-02
6.945158541202545166e-02
6.939056515693664551e-02
6.936551630496978760e-02
6.930936872959136963e-02
6.922343373298645020e-02
6.920081377029418945e-02
6.915316730737686157e-02
6.907740980386734009e-02
6.902450323104858398e-02
6.900945305824279785e-02
6.895799934864044189e-02
6.887024641036987305e-02
6.880705803632736206e-02
6.877291202545166016e-02
6.872397661209106445e-02
6.866221129894256592e-02
6.859333813190460205e-02
6.854793429374694824e-02
6.849047541618347168e-02
6.843383610248565674e-02
6.838303804397583008e-02
6.834033131599426270e-02
6.828537583351135254e-02
6.822323054075241089e-02
6.817453354597091675e-02
6.812775135040283203e-02
6.806723028421401978e-02
6.802166253328323364e-02
6.796419620513916016e-02
6.790618598461151123e-02
6.786315143108367920e-02
6.780037283897399902e-02
6.775292754173278809e-02
6.769910454750061035e-02
6.764838099479675293e-02
6.759124994277954102e-02
6.754266470670700073e-02
6.749042868614196777e-02
6.743325293064117432e-02
6.739355623722076416e-02
6.733492761850357056e-02
6.728318333625793457e-02
6.723146140575408936e-02
6.717780232429504395e-02
6.713280081748962402e-02
6.707371771335601807e-02
6.701470911502838135e-02
6.696498394012451172e-02
6.691895425319671631e-02
6.686473637819290161e-02
6.681934744119644165e-02
6.676980853080749512e-02
6.673095375299453735e-02
6.665842980146408081e-02
6.660740077495574951e-02
6.656828522682189941e-02
6.652596592903137207e-02
6.647269427776336670e-02
6.640478968620300293e-02
6.635333597660064697e-02
6.632767617702484131e-02
6.627138704061508179e-02
6.620334088802337646e-02
6.615982949733734131e-02
6.612329185009002686e-02
6.607250869274139404e-02
6.601340323686599731e-02
6.595791876316070557e-02
6.590250134468078613e-02
6.585136055946350098e-02
6.579105556011199951e-02
6.574370712041854858e-02
6.569570302963256836e-02
6.562417745590209961e-02
6.557081639766693115e-02
6.552956998348236084e-02
6.547006964683532715e-02
6.542663276195526123e-02
6.538810580968856812e-02
6.533955037593841553e-02
6.526955217123031616e-02
6.520546972751617432e-02
6.518734246492385864e-02
6.514480710029602051e-02
6.507885456085205078e-02
6.500595062971115112e-02
6.496813893318176270e-02
6.492785364389419556e-02
6.489119678735733032e-02
6.482540071010589600e-02
6.476264446973800659e-02
6.469838321208953857e-02
6.467086076736450195e-02
6.463603675365447998e-02
6.457237899303436279e-02
6.451065838336944580e-02
6.445368379354476929e-02
6.441881507635116577e-02
6.438128650188446045e-02
6.432153284549713135e-02
6.426520645618438721e-02
6.419512629508972168e-02
6.415854394435882568e-02
6.413841247558593750e-02
6.407700479030609131e-02
6.401748955249786377e-02
6.394961476325988770e-02
6.390581279993057251e-02
6.386620551347732544e-02
6.382165104150772095e-02
6.377627700567245483e-02
6.371612846851348877e-02
6.365384161472320557e-02
6.358646601438522339e-02
6.353899836540222168e-02
6.349372863769531250e-02
6.344825774431228638e-02
6.339298188686370850e-02
6.334295868873596191e-02
6.328597664833068848e-02
6.324891000986099243e-02
6.320700049400329590e-02
6.313715875148773193e-02
6.309783458709716797e-02
6.306647509336471558e-02
6.302358210086822510e-02
6.296560913324356079e-02
6.290014833211898804e-02
6.285698711872100830e-02
6.280235201120376587e-02
6.275428086519241333e-02
6.271182000637054443e-02
6.265108287334442139e-02
6.260929256677627563e-02
6.255240738391876221e-02
6.248198822140693665e-02
6.246776878833770752e-02
6.242312863469123840e-02
6.236830353736877441e-02
6.231195479631423950e-02
6.224144250154495239e-02
6.219350546598434448e-02
6.214745342731475830e-02
6.210305541753768921e-02
6.204456835985183716e-02
6.199400126934051514e-02
6.194498017430305481e-02
6.191664189100265503e-02
6.187057495117187500e-02
6.180651113390922546e-02
6.176372990012168884e-02
6.171154975891113281e-02
6.167506426572799683e-02
6.161766499280929565e-02
6.154046952724456787e-02
6.152855232357978821e-02
6.148526072502136230e-02
6.141119450330734253e-02
6.135420501232147217e-02
6.131388992071151733e-02
6.127543002367019653e-02
6.122583523392677307e-02
6.116781383752822876e-02
6.113179028034210205e-02
6.109011918306350708e-02
6.103348731994628906e-02
6.096794456243515015e-02
6.091634184122085571e-02
6.087813153862953186e-02
6.083303689956665039e-02
6.077118590474128723e-02
6.070563197135925293e-02
6.066263467073440552e-02
6.061449646949768066e-02
6.057196483016014099e-02
6.052044406533241272e-02
6.049200892448425293e-02
6.042265146970748901e-02
6.039106100797653198e-02
6.035434827208518982e-02
6.031081825494766235e-02
6.025282666087150574e-02
6.020602956414222717e-02
6.015873327851295471e-02
6.010109931230545044e-02
6.003963947296142578e-02
6.000608205795288086e-02
5.996328219771385193e-02
5.992291122674942017e-02
5.986781790852546692e-02
5.980159714818000793e-02
5.974481254816055298e-02
5.971625074744224548e-02
5.965649336576461792e-02
5.960023403167724609e-02
5.955417081713676453e-02
5.951705574989318848e-02
5.946679413318634033e-02
5.940872430801391602e-02
5.937608331441879272e-02
5.932737141847610474e-02
5.927106365561485291e-02
5.922883749008178711e-02
5.919896811246871948e-02
5.914565920829772949e-02
5.907729268074035645e-02
5.902826786041259766e-02
5.898559838533401489e-02
5.893781781196594238e-02
5.888491496443748474e-02
5.884056538343429565e-02
5.879667773842811584e-02
5.875309184193611145e-02
5.869448184967041016e-02
5.863654240965843201e-02
5.859372019767761230e-02
5.854413658380508423e-02
5.849662423133850098e-02
5.845672637224197388e-02
5.840776115655899048e-02
5.835866928100585938e-02
5.831787362694740295e-02
5.826745927333831787e-02
5.822638422250747681e-02
5.817919224500656128e-02
5.812858790159225464e-02
5.808524414896965027e-02
5.804373696446418762e-02
5.800048261880874634e-02
5.794372409582138062e-02
5.789271742105484009e-02
5.784841626882553101e-02
5.779053270816802979e-02
5.775077641010284424e-02
5.770094320178031921e-02
5.766177922487258911e-02
5.761532112956047058e-02
5.756361782550811768e-02
5.750951543450355530e-02
5.746383965015411377e-02
5.742348358035087585e-02
5.736782401800155640e-02
5.732778459787368774e-02
5.728155747056007385e-02
5.722890049219131470e-02
5.718152597546577454e-02
5.713705718517303467e-02
5.710073933005332947e-02
5.704826861619949341e-02
5.701079964637756348e-02
5.696746706962585449e-02
5.692841485142707825e-02
5.687836185097694397e-02
5.682629719376564026e-02
5.678500235080718994e-02
5.673483386635780334e-02
5.668804049491882324e-02
5.663096159696578979e-02
5.658815801143646240e-02
5.654396489262580872e-02
5.650406330823898315e-02
5.645793676376342773e-02
5.639841407537460327e-02
5.635648220777511597e-02
5.633197724819183350e-02
5.627446249127388000e-02
5.621235817670822144e-02
5.618700385093688965e-02
5.614906176924705505e-02
5.610007047653198242e-02
5.604558810591697693e-02
5.598679929971694946e-02
5.593665689229965210e-02
5.589724332094192505e-02
5.585968494415283203e-02
5.579224973917007446e-02
5.577071011066436768e-02
5.573984980583190918e-02
5.569420009851455688e-02
5.564294755458831787e-02
5.558381229639053345e-02
5.553301796317100525e-02
5.549388378858566284e-02
5.543706566095352173e-02
5.538390204310417175e-02
5.533242598176002502e-02
5.531103909015655518e-02
5.526561662554740906e-02
5.521012842655181885e-02
5.517341941595077515e-02
5.513153970241546631e-02
5.507727712392807007e-02
5.502326786518096924e-02
5.498763918876647949e-02
5.494511127471923828e-02
5.488058179616928101e-02
5.483867228031158447e-02
5.480629578232765198e-02
5.476173013448715210e-02
5.471523106098175049e-02
5.466619133949279785e-02
5.461942404508590698e-02
5.458036810159683228e-02
5.453101545572280884e-02
5.450122430920600891e-02
5.444760620594024658e-02
5.439623445272445679e-02
5.436885356903076172e-02
5.432986468076705933e-02
5.428045988082885742e-02
5.423539876937866211e-02
5.417734384536743164e-02
5.412127450108528137e-02
5.409411340951919556e-02
5.406268686056137085e-02
5.399681627750396729e-02
5.395804345607757568e-02
5.392317473888397217e-02
5.388451740145683289e-02
5.384458601474761963e-02
5.379663407802581787e-02
5.373609438538551331e-02
5.370391160249710083e-02
5.365490913391113281e-02
5.360303819179534912e-02
5.356424674391746521e-02
5.350730568170547485e-02
5.347322300076484680e-02
5.342775583267211914e-02
5.337933078408241272e-02
5.334313958883285522e-02
5.329959467053413391e-02
5.325258523225784302e-02
5.320148542523384094e-02
5.314787477254867554e-02
5.309818312525749207e-02
5.306337028741836548e-02
5.303496122360229492e-02
5.298183858394622803e-02
5.292877182364463806e-02
5.289991572499275208e-02
5.286260694265365601e-02
5.281138420104980469e-02
5.276740714907646179e-02
5.272653698921203613e-02
5.267784744501113892e-02
5.263850092887878418e-02
5.258645862340927124e-02
5.253736674785614014e-02
5.250152945518493652e-02
5.244779586791992188e-02
5.240487307310104370e-02
5.236589163541793823e-02
5.231689661741256714e-02
5.228661745786666870e-02
5.223935842514038086e-02
5.219063535332679749e-02
5.215087532997131348e-02
5.211392790079116821e-02
5.206539854407310486e-02
5.201826244592666626e-02
5.197810381650924683e-02
5.192336440086364746e-02
5.188990011811256409e-02
5.185033380985260010e-02
5.179477483034133911e-02
5.175830796360969543e-02
5.172105878591537476e-02
5.168069154024124146e-02
5.162885040044784546e-02
5.158736556768417358e-02
5.154439061880111694e-02
5.150779709219932556e-02
5.146671831607818604e-02
5.142294988036155701e-02
5.138058587908744812e-02
5.133093148469924927e-02
5.128282308578491211e-02
5.123911052942276001e-02
5.119178444147109985e-02
5.116497725248336792e-02
5.112554877996444702e-02
5.106757581233978271e-02
5.103662610054016113e-02
5.099952220916748047e-02
5.096117779612541199e-02
5.091715231537818909e-02
5.086497217416763306e-02
5.081725120544433594e-02
5.078031122684478760e-02
5.072711408138275146e-02
5.069544911384582520e-02
5.065605044364929199e-02
5.062862858176231384e-02
5.057089030742645264e-02
5.051684379577636719e-02
5.048447474837303162e-02
5.043587461113929749e-02
5.039218068122863770e-02
5.034995824098587036e-02
5.030835419893264771e-02
5.026330798864364624e-02
5.022917687892913818e-02
5.018042773008346558e-02
5.013742297887802124e-02
5.010225623846054077e-02
5.005410313606262207e-02
5.002178251743316650e-02
4.997376352548599243e-02
4.993471503257751465e-02
4.989982396364212036e-02
4.985235631465911865e-02
4.981089010834693909e-02
4.976957291364669800e-02
4.972128570079803467e-02
4.967654496431350708e-02
4.963862895965576172e-02
4.958458989858627319e-02
4.955659806728363037e-02
4.952338337898254395e-02
4.947893321514129639e-02
4.942916333675384521e-02
4.937721043825149536e-02
4.935602098703384399e-02
4.931094869971275330e-02
4.926849156618118286e-02
4.923272505402565002e-02
4.919101670384407043e-02
4.913970082998275757e-02
4.911860078573226929e-02
4.907728731632232666e-02
4.902623593807220459e-02
4.897505789995193481e-02
4.894912242889404297e-02
4.891795292496681213e-02
4.887367784976959229e-02
4.881764203310012817e-02
4.878240451216697693e-02
4.874867200851440430e-02
4.870703816413879395e-02
4.865378886461257935e-02
4.860975593328475952e-02
4.856981337070465088e-02
4.853152111172676086e-02
4.848534613847732544e-02
4.844038188457489014e-02
4.839125648140907288e-02
4.834645241498947144e-02
4.831660166382789612e-02
4.827950149774551392e-02
4.824195057153701782e-02
4.820037633180618286e-02
4.816088825464248657e-02
4.811712354421615601e-02
4.806462675333023071e-02
4.804742708802223206e-02
4.800453782081604004e-02
4.794974625110626221e-02
4.791732504963874817e-02
4.787220433354377747e-02
4.783558100461959839e-02
4.780045151710510254e-02
4.774617403745651245e-02
4.771649092435836792e-02
4.768718406558036804e-02
4.764550924301147461e-02
4.760247468948364258e-02
4.756174236536026001e-02
4.751510545611381531e-02
4.747129976749420166e-02
4.743048176169395447e-02
4.740339517593383789e-02
4.735440760850906372e-02
4.732407256960868835e-02
4.729587584733963013e-02
4.725191742181777954e-02
4.719386249780654907e-02
4.715978726744651794e-02
4.712360352277755737e-02
4.707549884915351868e-02
4.704119637608528137e-02
4.699946194887161255e-02
4.696600139141082764e-02
4.691978543996810913e-02
4.686591401696205139e-02
4.682642221450805664e-02
4.679842293262481689e-02
4.676467552781105042e-02
4.671897739171981812e-02
4.667421430349349976e-02
4.664281010627746582e-02
4.660470783710479736e-02
4.657522961497306824e-02
4.651685804128646851e-02
4.648035019636154175e-02
4.645321518182754517e-02
4.641055315732955933e-02
4.636691883206367493e-02
4.633197933435440063e-02
4.629266262054443359e-02
4.624604806303977966e-02
4.620444774627685547e-02
4.615363106131553650e-02
4.611562937498092651e-02
4.607840254902839661e-02
4.604435712099075317e-02
4.601349681615829468e-02
4.597103595733642578e-02
4.593160748481750488e-02
4.588597640395164490e-02
4.585410282015800476e-02
4.581635445356369019e-02
4.577257856726646423e-02
4.574711248278617859e-02
4.571347683668136597e-02
4.565998911857604980e-02
4.562751948833465576e-02
4.559252411127090454e-02
4.555287957191467285e-02
4.551065713167190552e-02
4.545979201793670654e-02
4.543014615774154663e-02
4.539722949266433716e-02
4.534484446048736572e-02
4.530923813581466675e-02
4.527414217591285706e-02
4.523634165525436401e-02
4.519034922122955322e-02
4.515717178583145142e-02
4.512296617031097412e-02
4.507762566208839417e-02
4.502808302640914917e-02
4.499731957912445068e-02
4.495562613010406494e-02
4.492047056555747986e-02
4.489009827375411987e-02
4.484999924898147583e-02
4.481124505400657654e-02
4.477440193295478821e-02
4.473040252923965454e-02
4.469387978315353394e-02
4.465408623218536377e-02
4.461203515529632568e-02
4.457200691103935242e-02
4.454013705253601074e-02
4.449713975191116333e-02
4.446502774953842163e-02
4.442467167973518372e-02
4.438538104295730591e-02
4.434916004538536072e-02
4.431635886430740356e-02
4.427161812782287598e-02
4.423573613166809082e-02
4.420135915279388428e-02
4.415851086378097534e-02
4.411949217319488525e-02
4.408298805356025696e-02
4.404975101351737976e-02
4.401291906833648682e-02
4.396978765726089478e-02
4.393172636628150940e-02
4.389228671789169312e-02
4.386378079652786255e-02
4.382111132144927979e-02
4.378664493560791016e-02
4.375531524419784546e-02
4.372797161340713501e-02
4.368918016552925110e-02
